<?xml version="1.0"?>
<opencv_storage>
<mine1_mean>
  1.3744176544766708e+02 1.3744176544766708e+02 1.3744176544766708e+02</mine1_mean>
<mine1_dev>
  9.5769569928279594e+01 8.3822068793079254e+01 7.5178459917707556e+01</mine1_dev>
<mine2_mean>
  1.6105165917159763e+02 1.6105165917159763e+02 1.6105165917159763e+02</mine2_mean>
<mine2_dev>
  9.6725750327942791e+01 7.7536485238655942e+01 7.5883064918636521e+01</mine2_dev>
<mine3_mean>
  1.5690994594594594e+02 1.5690994594594594e+02 1.5690994594594594e+02</mine3_mean>
<mine3_dev>
  9.3508282331753193e+01 8.1470214780432727e+01 6.8055862663108641e+01</mine3_dev>
</opencv_storage>
